0.25	0.0
0.5	0.0
0.75	0.0
1.0	0.0
1.25	0.0
1.5	0.0
1.75	0.0
2.0	0.0
2.25	0.0
2.5	0.0
2.75	0.0
3.0	0.0
3.25	0.0
3.5	0.0
3.75	0.0
4.0	0.0
4.25	0.0
4.5	0.0
4.75	0.0
5.0	0.0
5.25	0.0
5.5	0.0
5.75	0.0
6.0	0.0
6.25	0.0
6.5	0.0
6.75	0.0
7.0	0.0
7.25	0.0
7.5	0.0
7.75	0.0
8.0	0.0
8.25	0.0
8.5	0.0
8.75	0.0
9.0	0.0
9.25	0.0
9.5	0.0
9.75	0.0
10.0	0.0
10.25	0.0
10.5	0.1
10.75	0.1
11.0	0.1
11.25	0.1
11.5	0.1
11.75	0.1
12.0	0.1
12.25	0.1
12.5	0.1
12.75	0.1
13.0	0.1
13.25	0.1
13.5	0.1
13.75	0.1
14.0	0.1
14.25	0.1
14.5	0.1
14.75	0.1
15.0	0.1
15.25	0.1
15.5	0.1
15.75	0.1
16.0	0.1
16.25	0.1
16.5	0.1
16.75	0.1
17.0	0.1
17.25	0.1
17.5	0.1
17.75	0.1
18.0	0.1
18.25	0.1
18.5	0.1
18.75	0.1
19.0	0.1
19.25	0.1
19.5	0.1
19.75	0.1
20.0	0.1
20.25	0.1
20.5	0.1
20.75	0.1
21.0	0.1
21.25	0.1
21.5	0.1
21.75	0.1
22.0	0.1
22.25	0.1
22.5	0.1
22.75	0.1
23.0	0.1
23.25	0.1
23.5	0.1
23.75	0.1
24.0	0.1
24.25	0.1
24.5	0.1
24.75	0.1
25.0	0.1
25.25	0.1
25.5	0.1
25.75	0.1
26.0	0.1
26.25	0.1
26.5	0.1
26.75	0.1
27.0	0.1
27.25	0.1
27.5	0.1
27.75	0.1
28.0	0.1
28.25	0.1
28.5	0.1
28.75	0.1
29.0	0.1
29.25	0.1
29.5	0.1
29.75	0.1
30.0	0.1
30.25	0.1
30.5	0.1
30.75	0.1
31.0	0.1
31.25	0.1
31.5	0.1
31.75	0.1
32.0	0.1
32.25	0.1
32.5	0.1
32.75	0.1
33.0	0.1
33.25	0.1
33.5	0.1
33.75	0.1
34.0	0.1
34.25	0.1
34.5	0.1
34.75	0.1
35.0	0.1
35.25	0.1
35.5	0.1
35.75	0.1
36.0	0.1
36.25	0.1
36.5	0.1
36.75	0.1
37.0	0.1
37.25	0.1
37.5	0.1
37.75	0.1
38.0	0.1
38.25	0.1
38.5	0.1
38.75	0.1
39.0	0.1
39.25	0.1
39.5	0.1
39.75	0.1
40.0	0.1
40.25	0.1
40.5	0.1
40.75	0.1
41.0	0.1
41.25	0.1
41.5	0.1
41.75	0.1
42.0	0.1
42.25	0.1
42.5	0.1
42.75	0.1
43.0	0.1
43.25	0.1
43.5	0.1
43.75	0.1
44.0	0.1
44.25	0.1
44.5	0.1
44.75	0.1
45.0	0.1
45.25	0.1
45.5	0.1
45.75	0.1
46.0	0.1
46.25	0.1
46.5	0.1
46.75	0.1
47.0	0.1
47.25	0.1
47.5	0.1
47.75	0.1
48.0	0.1
48.25	0.1
48.5	0.1
48.75	0.1
49.0	0.1
49.25	0.1
49.5	0.1
49.75	0.1
50.0	0.1
50.25	0.1
50.5	0.1
50.75	0.1
51.0	0.1
51.25	0.2
51.5	0.2
51.75	0.2
52.0	0.2
52.25	0.2
52.5	0.2
52.75	0.2
53.0	0.2
53.25	0.2
53.5	0.2
53.75	0.2
54.0	0.2
54.25	0.2
54.5	0.2
54.75	0.2
55.0	0.2
55.25	0.2
55.5	0.2
55.75	0.2
56.0	0.2
56.25	0.2
56.5	0.2
56.75	0.2
57.0	0.2
57.25	0.2
57.5	0.2
57.75	0.2
58.0	0.2
58.25	0.2
58.5	0.2
58.75	0.2
59.0	0.2
59.25	0.2
59.5	0.2
59.75	0.2
60.0	0.2
60.25	0.2
60.5	0.2
60.75	0.2
61.0	0.2
61.25	0.2
61.5	0.2
61.75	0.2
62.0	0.2
62.25	0.2
62.5	0.2
62.75	0.2
63.0	0.2
63.25	0.2
63.5	0.2
63.75	0.2
64.0	0.2
64.25	0.2
64.5	0.2
64.75	0.2
65.0	0.2
65.25	0.2
65.5	0.2
65.75	0.2
66.0	0.2
66.25	0.2
66.5	0.2
66.75	0.2
67.0	0.2
67.25	0.2
67.5	0.2
67.75	0.2
68.0	0.2
68.25	0.2
68.5	0.2
68.75	0.2
69.0	0.2
69.25	0.2
69.5	0.2
69.75	0.2
70.0	0.2
70.25	0.2
70.5	0.2
70.75	0.2
71.0	0.2
71.25	0.2
71.5	0.2
71.75	0.2
72.0	0.2
72.25	0.2
72.5	0.2
72.75	0.2
73.0	0.2
73.25	0.2
73.5	0.2
73.75	0.2
74.0	0.2
74.25	0.2
74.5	0.2
74.75	0.2
75.0	0.2
75.25	0.2
75.5	0.2
75.75	0.2
76.0	0.2
76.25	0.2
76.5	0.2
76.75	0.2
77.0	0.2
77.25	0.2
77.5	0.2
77.75	0.2
78.0	0.2
78.25	0.2
78.5	0.2
78.75	0.2
79.0	0.2
79.25	0.2
79.5	0.2
79.75	0.2
80.0	0.2
80.25	0.2
80.5	0.2
80.75	0.2
81.0	0.2
81.25	0.2
81.5	0.2
81.75	0.2
82.0	0.2
82.25	0.2
82.5	0.2
82.75	0.2
83.0	0.2
83.25	0.2
83.5	0.2
83.75	0.2
84.0	0.2
84.25	0.2
84.5	0.2
84.75	0.2
85.0	0.2
85.25	0.2
85.5	0.2
85.75	0.2
86.0	0.2
86.25	0.2
86.5	0.2
86.75	0.2
87.0	0.2
87.25	0.2
87.5	0.2
87.75	0.2
88.0	0.2
88.25	0.2
88.5	0.2
88.75	0.2
89.0	0.2
89.25	0.2
89.5	0.2
89.75	0.2
90.0	0.2
90.25	0.2
90.5	0.2
90.75	0.2
91.0	0.2
91.25	0.2
91.5	0.2
91.75	0.2
92.0	0.2
92.25	0.2
92.5	0.2
92.75	0.2
93.0	0.2
93.25	0.2
93.5	0.2
93.75	0.2
94.0	0.2
94.25	0.2
94.5	0.2
94.75	0.2
95.0	0.2
95.25	0.2
95.5	0.2
95.75	0.2
96.0	0.2
96.25	0.2
96.5	0.2
96.75	0.2
97.0	0.2
97.25	0.2
97.5	0.2
97.75	0.2
98.0	0.2
98.25	0.3
98.5	0.3
98.75	0.3
99.0	0.3
99.25	0.3
99.5	0.3
99.75	0.3
100.0	0.3
100.25	0.3
100.5	0.3
100.75	0.3
101.0	0.3
101.25	0.3
101.5	0.3
101.75	0.3
102.0	0.3
102.25	0.3
102.5	0.3
102.75	0.3
103.0	0.3
103.25	0.3
103.5	0.3
103.75	0.3
104.0	0.3
104.25	0.3
104.5	0.3
104.75	0.3
105.0	0.3
105.25	0.3
105.5	0.3
105.75	0.3
106.0	0.3
106.25	0.3
106.5	0.3
106.75	0.3
107.0	0.3
107.25	0.3
107.5	0.3
107.75	0.3
108.0	0.3
108.25	0.3
108.5	0.3
108.75	0.3
109.0	0.3
109.25	0.3
109.5	0.3
109.75	0.3
110.0	0.3
110.25	0.3
110.5	0.3
110.75	0.3
111.0	0.3
111.25	0.3
111.5	0.3
111.75	0.3
112.0	0.3
112.25	0.3
112.5	0.3
112.75	0.3
113.0	0.3
113.25	0.3
113.5	0.3
113.75	0.3
114.0	0.3
114.25	0.3
114.5	0.3
114.75	0.3
115.0	0.3
115.25	0.3
115.5	0.3
115.75	0.3
116.0	0.3
116.25	0.3
116.5	0.3
116.75	0.3
117.0	0.3
117.25	0.3
117.5	0.3
117.75	0.3
118.0	0.3
118.25	0.3
118.5	0.3
118.75	0.3
119.0	0.3
119.25	0.3
119.5	0.3
119.75	0.3
120.0	0.3
120.25	0.3
120.5	0.3
120.75	0.3
121.0	0.3
121.25	0.3
121.5	0.3
121.75	0.3
122.0	0.3
122.25	0.3
122.5	0.3
122.75	0.3
123.0	0.3
123.25	0.3
123.5	0.3
123.75	0.3
124.0	0.3
124.25	0.3
124.5	0.3
124.75	0.3
125.0	0.3
125.25	0.3
125.5	0.3
125.75	0.3
126.0	0.3
126.25	0.3
126.5	0.3
126.75	0.3
127.0	0.3
127.25	0.3
127.5	0.3
127.75	0.3
128.0	0.3
128.25	0.3
128.5	0.3
128.75	0.3
129.0	0.3
129.25	0.3
129.5	0.3
129.75	0.3
130.0	0.3
130.25	0.3
130.5	0.3
130.75	0.3
131.0	0.3
131.25	0.3
131.5	0.3
131.75	0.3
132.0	0.3
132.25	0.3
132.5	0.3
132.75	0.3
133.0	0.3
133.25	0.3
133.5	0.3
133.75	0.3
134.0	0.3
134.25	0.3
134.5	0.3
134.75	0.3
135.0	0.3
135.25	0.3
135.5	0.3
135.75	0.3
136.0	0.3
136.25	0.3
136.5	0.3
136.75	0.3
137.0	0.3
137.25	0.3
137.5	0.3
137.75	0.3
138.0	0.3
138.25	0.3
138.5	0.3
138.75	0.3
139.0	0.3
139.25	0.3
139.5	0.3
139.75	0.3
140.0	0.3
140.25	0.3
140.5	0.3
140.75	0.3
141.0	0.3
141.25	0.3
141.5	0.3
141.75	0.3
142.0	0.3
142.25	0.3
142.5	0.3
142.75	0.3
143.0	0.3
143.25	0.3
143.5	0.3
143.75	0.3
144.0	0.3
144.25	0.3
144.5	0.3
144.75	0.3
145.0	0.3
145.25	0.3
145.5	0.3
145.75	0.3
146.0	0.3
146.25	0.3
146.5	0.3
146.75	0.3
147.0	0.3
147.25	0.3
147.5	0.3
147.75	0.3
148.0	0.3
148.25	0.3
148.5	0.3
148.75	0.3
149.0	0.3
149.25	0.3
149.5	0.3
149.75	0.3
150.0	0.3
150.25	0.3
150.5	0.3
150.75	0.3
151.0	0.3
151.25	0.3
151.5	0.3
151.75	0.3
152.0	0.3
152.25	0.4
152.5	0.4
152.75	0.4
153.0	0.4
153.25	0.4
153.5	0.4
153.75	0.4
154.0	0.4
154.25	0.4
154.5	0.4
154.75	0.4
155.0	0.4
155.25	0.4
155.5	0.4
155.75	0.4
156.0	0.4
156.25	0.4
156.5	0.4
156.75	0.4
157.0	0.4
157.25	0.4
157.5	0.4
157.75	0.4
158.0	0.4
158.25	0.4
158.5	0.4
158.75	0.4
159.0	0.4
159.25	0.4
159.5	0.4
159.75	0.4
160.0	0.4
160.25	0.4
160.5	0.4
160.75	0.4
161.0	0.4
161.25	0.4
161.5	0.4
161.75	0.4
162.0	0.4
162.25	0.4
162.5	0.4
162.75	0.4
163.0	0.4
163.25	0.4
163.5	0.4
163.75	0.4
164.0	0.4
164.25	0.4
164.5	0.4
164.75	0.4
165.0	0.4
165.25	0.4
165.5	0.4
165.75	0.4
166.0	0.4
166.25	0.4
166.5	0.4
166.75	0.4
167.0	0.4
167.25	0.4
167.5	0.4
167.75	0.4
168.0	0.4
168.25	0.4
168.5	0.4
168.75	0.4
169.0	0.4
169.25	0.4
169.5	0.4
169.75	0.4
170.0	0.4
170.25	0.4
170.5	0.4
170.75	0.4
171.0	0.4
171.25	0.4
171.5	0.4
171.75	0.4
172.0	0.4
172.25	0.4
172.5	0.4
172.75	0.4
173.0	0.4
173.25	0.4
173.5	0.4
173.75	0.4
174.0	0.4
174.25	0.4
174.5	0.4
174.75	0.4
175.0	0.4
175.25	0.4
175.5	0.4
175.75	0.4
176.0	0.4
176.25	0.4
176.5	0.4
176.75	0.4
177.0	0.4
177.25	0.4
177.5	0.4
177.75	0.4
178.0	0.4
178.25	0.4
178.5	0.4
178.75	0.4
179.0	0.4
179.25	0.4
179.5	0.4
179.75	0.4
180.0	0.4
180.25	0.4
180.5	0.4
180.75	0.4
181.0	0.4
181.25	0.4
181.5	0.4
181.75	0.4
182.0	0.4
182.25	0.4
182.5	0.4
182.75	0.4
183.0	0.4
183.25	0.4
183.5	0.4
183.75	0.4
184.0	0.4
184.25	0.4
184.5	0.4
184.75	0.4
185.0	0.4
185.25	0.4
185.5	0.4
185.75	0.4
186.0	0.4
186.25	0.4
186.5	0.4
186.75	0.4
187.0	0.4
187.25	0.4
187.5	0.4
187.75	0.4
188.0	0.4
188.25	0.4
188.5	0.4
188.75	0.4
189.0	0.4
189.25	0.4
189.5	0.4
189.75	0.4
190.0	0.4
190.25	0.4
190.5	0.4
190.75	0.4
191.0	0.4
191.25	0.4
191.5	0.4
191.75	0.4
192.0	0.4
192.25	0.4
192.5	0.4
192.75	0.4
193.0	0.4
193.25	0.4
193.5	0.4
193.75	0.4
194.0	0.4
194.25	0.4
194.5	0.4
194.75	0.4
195.0	0.4
195.25	0.4
195.5	0.4
195.75	0.4
196.0	0.4
196.25	0.4
196.5	0.4
196.75	0.4
197.0	0.4
197.25	0.4
197.5	0.4
197.75	0.4
198.0	0.4
198.25	0.4
198.5	0.4
198.75	0.4
199.0	0.4
199.25	0.4
199.5	0.4
199.75	0.4
200.0	0.4
200.25	0.4
200.5	0.4
200.75	0.4
201.0	0.4
201.25	0.4
201.5	0.4
201.75	0.4
202.0	0.4
202.25	0.4
202.5	0.4
202.75	0.4
203.0	0.4
203.25	0.4
203.5	0.4
203.75	0.4
204.0	0.4
204.25	0.4
204.5	0.4
204.75	0.4
205.0	0.4
205.25	0.4
205.5	0.4
205.75	0.4
206.0	0.4
206.25	0.4
206.5	0.4
206.75	0.4
207.0	0.4
207.25	0.4
207.5	0.4
207.75	0.4
208.0	0.4
208.25	0.4
208.5	0.4
208.75	0.4
209.0	0.4
209.25	0.4
209.5	0.4
209.75	0.4
210.0	0.4
210.25	0.4
210.5	0.4
210.75	0.4
211.0	0.4
211.25	0.4
211.5	0.4
211.75	0.4
212.0	0.4
212.25	0.4
212.5	0.4
212.75	0.4
213.0	0.4
213.25	0.4
213.5	0.4
213.75	0.4
214.0	0.4
214.25	0.4
214.5	0.4
214.75	0.4
215.0	0.4
215.25	0.4
215.5	0.4
215.75	0.4
216.0	0.3
216.25	0.3
216.5	0.3
216.75	0.3
217.0	0.3
217.25	0.3
217.5	0.3
217.75	0.3
218.0	0.3
218.25	0.3
218.5	0.3
218.75	0.3
219.0	0.3
219.25	0.3
219.5	0.3
219.75	0.3
220.0	0.3
220.25	0.3
220.5	0.3
220.75	0.3
221.0	0.3
221.25	0.3
221.5	0.3
221.75	0.3
222.0	0.3
222.25	0.3
222.5	0.3
222.75	0.3
223.0	0.3
223.25	0.3
223.5	0.3
223.75	0.3
224.0	0.3
224.25	0.3
224.5	0.3
224.75	0.3
225.0	0.3
225.25	0.3
225.5	0.3
225.75	0.3
226.0	0.3
226.25	0.3
226.5	0.3
226.75	0.3
227.0	0.3
227.25	0.3
227.5	0.3
227.75	0.3
228.0	0.3
228.25	0.3
228.5	0.3
228.75	0.3
229.0	0.3
229.25	0.3
229.5	0.3
229.75	0.3
230.0	0.3
230.25	0.3
230.5	0.3
230.75	0.3
231.0	0.3
231.25	0.3
231.5	0.3
231.75	0.3
232.0	0.3
232.25	0.3
232.5	0.3
232.75	0.3
233.0	0.3
233.25	0.3
233.5	0.3
233.75	0.3
234.0	0.3
234.25	0.3
234.5	0.3
234.75	0.3
235.0	0.3
235.25	0.3
235.5	0.3
235.75	0.3
236.0	0.3
236.25	0.3
236.5	0.3
236.75	0.3
237.0	0.3
237.25	0.3
237.5	0.3
237.75	0.3
238.0	0.3
238.25	0.3
238.5	0.3
238.75	0.3
239.0	0.3
239.25	0.3
239.5	0.3
239.75	0.3
240.0	0.3
240.25	0.3
240.5	0.3
240.75	0.3
241.0	0.3
241.25	0.3
241.5	0.3
241.75	0.3
242.0	0.3
242.25	0.3
242.5	0.3
242.75	0.3
243.0	0.3
243.25	0.3
243.5	0.3
243.75	0.3
244.0	0.3
244.25	0.3
244.5	0.3
244.75	0.3
245.0	0.3
245.25	0.3
245.5	0.3
245.75	0.3
246.0	0.3
246.25	0.3
246.5	0.3
246.75	0.3
247.0	0.3
247.25	0.3
247.5	0.3
247.75	0.3
248.0	0.3
248.25	0.3
248.5	0.3
248.75	0.3
249.0	0.3
249.25	0.3
249.5	0.3
249.75	0.3
250.0	0.3
250.25	0.3
250.5	0.3
250.75	0.3
251.0	0.3
251.25	0.3
251.5	0.3
251.75	0.3
252.0	0.3
252.25	0.3
252.5	0.3
252.75	0.3
253.0	0.3
253.25	0.3
253.5	0.3
253.75	0.3
254.0	0.3
254.25	0.3
254.5	0.3
254.75	0.3
255.0	0.3
255.25	0.3
255.5	0.3
255.75	0.3
256.0	0.3
256.25	0.3
256.5	0.3
256.75	0.3
257.0	0.3
257.25	0.3
257.5	0.3
257.75	0.3
258.0	0.3
258.25	0.3
258.5	0.3
258.75	0.3
259.0	0.3
259.25	0.3
259.5	0.3
259.75	0.3
260.0	0.3
260.25	0.3
260.5	0.3
260.75	0.3
261.0	0.3
261.25	0.3
261.5	0.3
261.75	0.3
262.0	0.3
262.25	0.3
262.5	0.3
262.75	0.3
263.0	0.3
263.25	0.3
263.5	0.3
263.75	0.3
264.0	0.3
264.25	0.3
264.5	0.3
264.75	0.3
265.0	0.3
265.25	0.3
265.5	0.3
265.75	0.3
266.0	0.3
266.25	0.3
266.5	0.3
266.75	0.3
267.0	0.3
267.25	0.3
267.5	0.3
267.75	0.3
268.0	0.3
268.25	0.3
268.5	0.3
268.75	0.3
269.0	0.3
269.25	0.3
269.5	0.3
269.75	0.3
270.0	0.3
270.25	0.3
270.5	0.3
270.75	0.3
271.0	0.3
271.25	0.3
271.5	0.3
271.75	0.3
272.0	0.3
272.25	0.3
272.5	0.3
272.75	0.3
273.0	0.3
273.25	0.3
273.5	0.3
273.75	0.3
274.0	0.3
274.25	0.3
274.5	0.3
274.75	0.3
275.0	0.3
275.25	0.3
275.5	0.3
275.75	0.3
276.0	0.3
276.25	0.3
276.5	0.3
276.75	0.3
277.0	0.3
277.25	0.3
277.5	0.3
277.75	0.3
278.0	0.3
278.25	0.3
278.5	0.3
278.75	0.3
279.0	0.3
279.25	0.3
279.5	0.3
279.75	0.3
280.0	0.3
280.25	0.3
280.5	0.3
280.75	0.3
281.0	0.3
281.25	0.3
281.5	0.3
281.75	0.3
282.0	0.3
282.25	0.3
282.5	0.3
282.75	0.3
283.0	0.3
283.25	0.3
283.5	0.3
283.75	0.3
284.0	0.3
284.25	0.3
284.5	0.3
284.75	0.3
285.0	0.3
285.25	0.3
285.5	0.3
285.75	0.3
286.0	0.3
286.25	0.3
286.5	0.3
286.75	0.3
287.0	0.3
287.25	0.3
287.5	0.3
287.75	0.3
288.0	0.3
288.25	0.3
288.5	0.3
288.75	0.3
289.0	0.3
289.25	0.3
289.5	0.3
289.75	0.3
290.0	0.3
290.25	0.3
290.5	0.3
290.75	0.3
291.0	0.3
291.25	0.3
291.5	0.3
291.75	0.3
292.0	0.3
292.25	0.3
292.5	0.3
292.75	0.3
293.0	0.3
293.25	0.3
293.5	0.3
293.75	0.3
294.0	0.3
294.25	0.3
294.5	0.3
294.75	0.3
295.0	0.3
295.25	0.3
295.5	0.3
295.75	0.3
296.0	0.3
296.25	0.3
296.5	0.3
296.75	0.3
297.0	0.3
297.25	0.3
297.5	0.3
297.75	0.3
298.0	0.3
298.25	0.3
298.5	0.3
298.75	0.3
299.0	0.3
299.25	0.3
299.5	0.3
299.75	0.3
300.0	0.3
300.25	0.3
300.5	0.3
300.75	0.3
301.0	0.3
301.25	0.3
301.5	0.3
301.75	0.3
302.0	0.3
302.25	0.3
302.5	0.3
302.75	0.3
303.0	0.3
303.25	0.3
303.5	0.3
303.75	0.3
304.0	0.3
304.25	0.3
304.5	0.3
304.75	0.3
305.0	0.3
305.25	0.3
305.5	0.3
305.75	0.3
306.0	0.3
306.25	0.3
306.5	0.3
306.75	0.3
307.0	0.3
307.25	0.3
307.5	0.3
307.75	0.3
308.0	0.3
308.25	0.3
308.5	0.3
308.75	0.3
309.0	0.3
309.25	0.3
309.5	0.3
309.75	0.3
310.0	0.3
310.25	0.3
310.5	0.3
310.75	0.3
311.0	0.3
311.25	0.3
311.5	0.3
311.75	0.3
312.0	0.3
312.25	0.3
312.5	0.3
312.75	0.3
313.0	0.3
313.25	0.3
313.5	0.3
313.75	0.3
314.0	0.3
314.25	0.3
314.5	0.3
314.75	0.3
315.0	0.3
315.25	0.3
315.5	0.3
315.75	0.3
316.0	0.3
316.25	0.3
316.5	0.3
316.75	0.3
317.0	0.3
317.25	0.3
317.5	0.3
317.75	0.3
318.0	0.3
318.25	0.3
318.5	0.3
318.75	0.3
319.0	0.3
319.25	0.3
319.5	0.3
319.75	0.3
320.0	0.3
320.25	0.3
320.5	0.3
320.75	0.3
321.0	0.3
321.25	0.3
321.5	0.3
321.75	0.3
322.0	0.3
322.25	0.3
322.5	0.3
322.75	0.3
323.0	0.3
323.25	0.3
323.5	0.3
323.75	0.3
324.0	0.3
324.25	0.3
324.5	0.3
324.75	0.3
325.0	0.3
325.25	0.3
325.5	0.3
325.75	0.3
326.0	0.3
326.25	0.3
326.5	0.3
326.75	0.3
327.0	0.3
327.25	0.3
327.5	0.3
327.75	0.3
328.0	0.3
328.25	0.3
328.5	0.3
328.75	0.3
329.0	0.3
329.25	0.3
329.5	0.3
329.75	0.3
330.0	0.3
330.25	0.3
330.5	0.3
330.75	0.3
331.0	0.3
331.25	0.3
331.5	0.3
331.75	0.3
332.0	0.3
332.25	0.3
332.5	0.3
332.75	0.3
333.0	0.3
333.25	0.3
333.5	0.3
333.75	0.3
334.0	0.3
334.25	0.3
334.5	0.3
334.75	0.3
335.0	0.3
335.25	0.3
335.5	0.3
335.75	0.3
336.0	0.3
336.25	0.3
336.5	0.3
336.75	0.3
337.0	0.3
337.25	0.3
337.5	0.3
337.75	0.3
338.0	0.3
338.25	0.3
338.5	0.3
338.75	0.3
339.0	0.3
339.25	0.3
339.5	0.3
339.75	0.3
340.0	0.3
340.25	0.3
340.5	0.3
340.75	0.3
341.0	0.3
341.25	0.3
341.5	0.3
341.75	0.3
342.0	0.3
342.25	0.3
342.5	0.3
342.75	0.3
343.0	0.3
343.25	0.3
343.5	0.3
343.75	0.3
344.0	0.3
344.25	0.3
344.5	0.3
344.75	0.3
345.0	0.3
345.25	0.3
345.5	0.3
345.75	0.3
346.0	0.3
346.25	0.3
346.5	0.3
346.75	0.3
347.0	0.3
347.25	0.3
347.5	0.3
347.75	0.3
348.0	0.3
348.25	0.3
348.5	0.3
348.75	0.3
349.0	0.3
349.25	0.3
349.5	0.3
349.75	0.3
350.0	0.3
350.25	0.3
350.5	0.3
350.75	0.3
351.0	0.3
351.25	0.3
351.5	0.3
351.75	0.3
352.0	0.3
352.25	0.3
352.5	0.3
352.75	0.3
353.0	0.3
353.25	0.3
353.5	0.3
353.75	0.3
354.0	0.3
354.25	0.3
354.5	0.3
354.75	0.3
355.0	0.3
355.25	0.3
355.5	0.3
355.75	0.3
356.0	0.3
356.25	0.3
356.5	0.3
356.75	0.3
357.0	0.3
357.25	0.3
357.5	0.3
357.75	0.3
358.0	0.3
358.25	0.3
358.5	0.3
358.75	0.3
359.0	0.3
359.25	0.3
359.5	0.3
359.75	0.3
360.0	0.3
360.25	0.3
360.5	0.3
360.75	0.3
361.0	0.3
361.25	0.3
361.5	0.3
361.75	0.3
362.0	0.3
362.25	0.3
362.5	0.3
362.75	0.3
363.0	0.3
363.25	0.3
363.5	0.3
363.75	0.3
364.0	0.3
364.25	0.3
364.5	0.3
364.75	0.3
365.0	0.3
365.25	0.3
365.5	0.3
365.75	0.3
366.0	0.3
366.25	0.3
366.5	0.3
366.75	0.3
367.0	0.3
367.25	0.3
367.5	0.3
367.75	0.3
368.0	0.3
368.25	0.3
368.5	0.3
368.75	0.3
369.0	0.3
369.25	0.3
369.5	0.3
369.75	0.3
370.0	0.3
370.25	0.3
370.5	0.3
370.75	0.3
371.0	0.3
371.25	0.3
371.5	0.3
371.75	0.3
372.0	0.3
372.25	0.3
372.5	0.3
372.75	0.3
373.0	0.3
373.25	0.3
373.5	0.3
373.75	0.3
374.0	0.3
374.25	0.3
374.5	0.3
374.75	0.3
375.0	0.3
375.25	0.3
375.5	0.3
375.75	0.3
376.0	0.3
376.25	0.3
376.5	0.4
376.75	0.4
377.0	0.4
377.25	0.4
377.5	0.4
377.75	0.4
378.0	0.4
378.25	0.4
378.5	0.4
378.75	0.4
379.0	0.4
379.25	0.4
379.5	0.4
379.75	0.4
380.0	0.4
380.25	0.4
380.5	0.4
380.75	0.4
381.0	0.4
381.25	0.4
381.5	0.4
381.75	0.4
382.0	0.4
382.25	0.4
382.5	0.4
382.75	0.4
383.0	0.4
383.25	0.4
383.5	0.4
383.75	0.4
384.0	0.4
384.25	0.4
384.5	0.4
384.75	0.4
385.0	0.4
385.25	0.4
385.5	0.4
385.75	0.4
386.0	0.4
386.25	0.4
386.5	0.4
386.75	0.4
387.0	0.4
387.25	0.4
387.5	0.4
387.75	0.4
388.0	0.4
388.25	0.4
388.5	0.4
388.75	0.4
389.0	0.4
389.25	0.4
389.5	0.4
389.75	0.4
390.0	0.4
390.25	0.4
390.5	0.4
390.75	0.4
391.0	0.4
391.25	0.4
391.5	0.4
391.75	0.4
392.0	0.4
392.25	0.4
392.5	0.4
392.75	0.4
393.0	0.4
393.25	0.4
393.5	0.4
393.75	0.4
394.0	0.4
394.25	0.4
394.5	0.4
394.75	0.4
395.0	0.4
395.25	0.4
395.5	0.4
395.75	0.4
396.0	0.4
396.25	0.4
396.5	0.4
396.75	0.4
397.0	0.4
397.25	0.4
397.5	0.4
397.75	0.4
398.0	0.4
398.25	0.4
398.5	0.4
398.75	0.4
399.0	0.4
399.25	0.4
399.5	0.4
399.75	0.4
400.0	0.4
400.25	0.4
400.5	0.4
400.75	0.4
401.0	0.4
401.25	0.4
401.5	0.4
401.75	0.4
402.0	0.4
402.25	0.4
402.5	0.4
402.75	0.4
403.0	0.4
403.25	0.4
403.5	0.4
403.75	0.4
404.0	0.4
404.25	0.4
404.5	0.4
404.75	0.4
405.0	0.4
405.25	0.4
405.5	0.4
405.75	0.4
406.0	0.4
406.25	0.4
406.5	0.4
406.75	0.4
407.0	0.4
407.25	0.4
407.5	0.4
407.75	0.4
408.0	0.4
408.25	0.4
408.5	0.4
408.75	0.4
409.0	0.4
409.25	0.4
409.5	0.4
409.75	0.4
410.0	0.4
410.25	0.4
410.5	0.4
410.75	0.4
411.0	0.4
411.25	0.4
411.5	0.4
411.75	0.4
412.0	0.4
412.25	0.4
412.5	0.4
412.75	0.4
413.0	0.4
413.25	0.4
413.5	0.4
413.75	0.4
414.0	0.4
414.25	0.4
414.5	0.4
414.75	0.4
415.0	0.4
415.25	0.4
415.5	0.4
415.75	0.4
416.0	0.4
416.25	0.4
416.5	0.4
416.75	0.4
417.0	0.4
417.25	0.4
417.5	0.4
417.75	0.4
418.0	0.4
418.25	0.4
418.5	0.4
418.75	0.4
419.0	0.4
419.25	0.4
419.5	0.4
419.75	0.4
420.0	0.4
420.25	0.4
420.5	0.4
420.75	0.4
421.0	0.4
421.25	0.4
421.5	0.4
421.75	0.4
422.0	0.4
422.25	0.4
422.5	0.4
422.75	0.4
423.0	0.4
423.25	0.4
423.5	0.4
423.75	0.4
424.0	0.4
424.25	0.4
424.5	0.4
424.75	0.4
425.0	0.4
425.25	0.4
425.5	0.4
425.75	0.4
426.0	0.4
426.25	0.4
426.5	0.4
426.75	0.4
427.0	0.4
427.25	0.4
427.5	0.4
427.75	0.4
428.0	0.4
428.25	0.4
428.5	0.4
428.75	0.4
429.0	0.4
429.25	0.4
429.5	0.4
429.75	0.4
430.0	0.4
430.25	0.4
430.5	0.4
430.75	0.4
431.0	0.4
431.25	0.4
431.5	0.4
431.75	0.4
432.0	0.4
432.25	0.4
432.5	0.4
432.75	0.4
433.0	0.4
433.25	0.4
433.5	0.4
433.75	0.4
434.0	0.4
434.25	0.4
434.5	0.4
434.75	0.4
435.0	0.4
435.25	0.4
435.5	0.4
435.75	0.4
436.0	0.4
436.25	0.4
436.5	0.4
436.75	0.4
437.0	0.4
437.25	0.4
437.5	0.4
437.75	0.4
438.0	0.4
438.25	0.4
438.5	0.4
438.75	0.4
439.0	0.4
439.25	0.4
439.5	0.4
439.75	0.4
440.0	0.4
440.25	0.4
440.5	0.4
440.75	0.4
441.0	0.4
441.25	0.4
441.5	0.4
441.75	0.4
442.0	0.4
442.25	0.4
442.5	0.4
442.75	0.4
443.0	0.4
443.25	0.4
443.5	0.4
443.75	0.4
444.0	0.4
444.25	0.4
444.5	0.4
444.75	0.4
445.0	0.4
445.25	0.4
445.5	0.4
445.75	0.4
446.0	0.4
446.25	0.4
446.5	0.4
446.75	0.4
447.0	0.4
447.25	0.4
447.5	0.4
447.75	0.4
448.0	0.4
448.25	0.4
448.5	0.4
448.75	0.4
449.0	0.4
449.25	0.4
449.5	0.4
449.75	0.4
450.0	0.4
450.25	0.4
450.5	0.4
450.75	0.4
451.0	0.4
451.25	0.4
451.5	0.4
451.75	0.4
452.0	0.4
452.25	0.4
452.5	0.4
452.75	0.4
453.0	0.4
453.25	0.4
453.5	0.4
453.75	0.4
454.0	0.4
454.25	0.4
454.5	0.4
454.75	0.4
455.0	0.4
455.25	0.4
455.5	0.4
455.75	0.4
456.0	0.4
456.25	0.4
456.5	0.4
456.75	0.4
457.0	0.4
457.25	0.4
457.5	0.4
457.75	0.4
458.0	0.4
458.25	0.4
458.5	0.4
458.75	0.4
459.0	0.4
459.25	0.4
459.5	0.4
459.75	0.4
460.0	0.4
460.25	0.4
460.5	0.4
460.75	0.4
461.0	0.4
461.25	0.4
461.5	0.4
461.75	0.4
462.0	0.4
462.25	0.4
462.5	0.4
462.75	0.4
463.0	0.4
463.25	0.4
463.5	0.4
463.75	0.4
464.0	0.4
464.25	0.4
464.5	0.4
464.75	0.4
465.0	0.4
465.25	0.4
465.5	0.4
465.75	0.4
466.0	0.4
466.25	0.4
466.5	0.4
466.75	0.4
467.0	0.4
467.25	0.4
467.5	0.4
467.75	0.4
468.0	0.4
468.25	0.4
468.5	0.4
468.75	0.4
469.0	0.4
469.25	0.4
469.5	0.4
469.75	0.4
470.0	0.4
470.25	0.4
470.5	0.4
470.75	0.4
471.0	0.4
471.25	0.4
471.5	0.4
471.75	0.4
472.0	0.4
472.25	0.4
472.5	0.4
472.75	0.4
473.0	0.4
473.25	0.4
473.5	0.4
473.75	0.4
474.0	0.4
474.25	0.4
474.5	0.4
474.75	0.4
475.0	0.4
475.25	0.4
475.5	0.4
475.75	0.4
476.0	0.4
476.25	0.4
476.5	0.4
476.75	0.4
477.0	0.4
477.25	0.4
477.5	0.4
477.75	0.4
478.0	0.4
478.25	0.4
478.5	0.4
478.75	0.4
479.0	0.4
479.25	0.4
479.5	0.4
479.75	0.4
480.0	0.4
480.25	0.4
480.5	0.4
480.75	0.4
481.0	0.4
481.25	0.4
481.5	0.4
481.75	0.4
482.0	0.4
482.25	0.4
482.5	0.4
482.75	0.4
483.0	0.4
483.25	0.4
483.5	0.4
483.75	0.4
484.0	0.4
484.25	0.4
484.5	0.4
484.75	0.4
485.0	0.4
485.25	0.4
485.5	0.4
485.75	0.4
486.0	0.4
486.25	0.4
486.5	0.4
486.75	0.4
487.0	0.4
487.25	0.4
487.5	0.4
487.75	0.4
488.0	0.4
488.25	0.4
488.5	0.4
488.75	0.4
489.0	0.4
489.25	0.4
489.5	0.4
489.75	0.4
490.0	0.4
490.25	0.4
490.5	0.4
490.75	0.4
491.0	0.4
491.25	0.4
491.5	0.4
491.75	0.4
492.0	0.4
492.25	0.4
492.5	0.4
492.75	0.4
493.0	0.4
493.25	0.4
493.5	0.4
493.75	0.4
494.0	0.4
494.25	0.4
494.5	0.4
494.75	0.4
495.0	0.4
495.25	0.4
495.5	0.4
495.75	0.4
496.0	0.4
496.25	0.4
496.5	0.4
496.75	0.4
497.0	0.4
497.25	0.4
497.5	0.4
497.75	0.4
498.0	0.4
498.25	0.4
498.5	0.4
498.75	0.4
499.0	0.4
499.25	0.4
499.5	0.4
499.75	0.4
500.0	0.4
500.25	0.4
500.5	0.4
500.75	0.4
501.0	0.4
501.25	0.4
501.5	0.4
501.75	0.4
502.0	0.4
502.25	0.4
502.5	0.4
502.75	0.4
503.0	0.4
503.25	0.4
503.5	0.4
503.75	0.4
504.0	0.4
504.25	0.4
504.5	0.4
504.75	0.4
505.0	0.4
505.25	0.4
505.5	0.4
505.75	0.4
506.0	0.4
506.25	0.4
506.5	0.4
506.75	0.4
507.0	0.4
507.25	0.4
507.5	0.4
507.75	0.4
508.0	0.4
508.25	0.4
508.5	0.4
508.75	0.3
509.0	0.3
509.25	0.3
509.5	0.3
509.75	0.3
510.0	0.3
510.25	0.3
510.5	0.3
510.75	0.3
511.0	0.3
511.25	0.3
511.5	0.3
511.75	0.3
512.0	0.3
512.25	0.3
512.5	0.3
512.75	0.3
513.0	0.3
513.25	0.3
513.5	0.3
513.75	0.3
514.0	0.3
514.25	0.3
514.5	0.3
514.75	0.3
515.0	0.3
515.25	0.3
515.5	0.3
515.75	0.3
516.0	0.3
516.25	0.3
516.5	0.3
516.75	0.3
517.0	0.3
517.25	0.3
517.5	0.3
517.75	0.3
518.0	0.3
518.25	0.3
518.5	0.3
518.75	0.3
519.0	0.3
519.25	0.3
519.5	0.3
519.75	0.3
520.0	0.3
520.25	0.3
520.5	0.3
520.75	0.3
521.0	0.3
521.25	0.3
521.5	0.3
521.75	0.3
522.0	0.3
522.25	0.3
522.5	0.3
522.75	0.3
523.0	0.3
523.25	0.3
523.5	0.3
523.75	0.3
524.0	0.3
524.25	0.3
524.5	0.3
524.75	0.3
525.0	0.3
525.25	0.3
525.5	0.3
525.75	0.3
526.0	0.3
526.25	0.3
526.5	0.3
526.75	0.3
527.0	0.3
527.25	0.3
527.5	0.3
527.75	0.3
528.0	0.3
528.25	0.3
528.5	0.3
528.75	0.3
529.0	0.3
529.25	0.3
529.5	0.3
529.75	0.3
530.0	0.3
530.25	0.3
530.5	0.3
530.75	0.3
531.0	0.3
531.25	0.3
531.5	0.3
531.75	0.3
532.0	0.3
532.25	0.3
532.5	0.3
532.75	0.3
533.0	0.3
533.25	0.3
533.5	0.3
533.75	0.3
534.0	0.3
534.25	0.3
534.5	0.3
534.75	0.3
535.0	0.3
535.25	0.3
535.5	0.3
535.75	0.3
536.0	0.3
536.25	0.3
536.5	0.3
536.75	0.3
537.0	0.3
537.25	0.3
537.5	0.3
537.75	0.3
538.0	0.3
538.25	0.3
538.5	0.3
538.75	0.3
539.0	0.3
539.25	0.3
539.5	0.3
539.75	0.3
540.0	0.3
540.25	0.3
540.5	0.3
540.75	0.3
541.0	0.3
541.25	0.3
541.5	0.3
541.75	0.3
542.0	0.3
542.25	0.3
542.5	0.3
542.75	0.3
543.0	0.3
543.25	0.3
543.5	0.3
543.75	0.3
544.0	0.3
544.25	0.3
544.5	0.3
544.75	0.3
545.0	0.3
545.25	0.3
545.5	0.3
545.75	0.3
546.0	0.3
546.25	0.3
546.5	0.3
546.75	0.3
547.0	0.3
547.25	0.3
547.5	0.3
547.75	0.3
548.0	0.3
548.25	0.3
548.5	0.3
548.75	0.3
549.0	0.3
549.25	0.3
549.5	0.3
549.75	0.3
550.0	0.3
550.25	0.3
550.5	0.3
550.75	0.3
551.0	0.3
551.25	0.3
551.5	0.3
551.75	0.3
552.0	0.3
552.25	0.3
552.5	0.3
552.75	0.3
553.0	0.3
553.25	0.3
553.5	0.3
553.75	0.3
554.0	0.3
554.25	0.3
554.5	0.3
554.75	0.3
555.0	0.3
555.25	0.3
555.5	0.3
555.75	0.3
556.0	0.3
556.25	0.3
556.5	0.3
556.75	0.3
557.0	0.3
557.25	0.3
557.5	0.3
557.75	0.3
558.0	0.3
558.25	0.3
558.5	0.3
558.75	0.3
559.0	0.3
559.25	0.3
559.5	0.3
559.75	0.3
560.0	0.3
560.25	0.3
560.5	0.3
560.75	0.3
561.0	0.3
561.25	0.3
561.5	0.3
561.75	0.3
562.0	0.3
562.25	0.3
562.5	0.3
562.75	0.3
563.0	0.3
563.25	0.3
563.5	0.3
563.75	0.3
564.0	0.3
564.25	0.3
564.5	0.3
564.75	0.3
565.0	0.3
565.25	0.3
565.5	0.3
565.75	0.3
566.0	0.3
566.25	0.3
566.5	0.3
566.75	0.3
567.0	0.3
567.25	0.3
567.5	0.3
567.75	0.3
568.0	0.3
568.25	0.3
568.5	0.3
568.75	0.3
569.0	0.3
569.25	0.3
569.5	0.3
569.75	0.3
570.0	0.3
570.25	0.3
570.5	0.3
570.75	0.3
571.0	0.3
571.25	0.3
571.5	0.3
571.75	0.3
572.0	0.3
572.25	0.3
572.5	0.3
572.75	0.3
573.0	0.3
573.25	0.3
573.5	0.3
573.75	0.3
574.0	0.3
574.25	0.3
574.5	0.3
574.75	0.3
575.0	0.3
575.25	0.3
575.5	0.3
575.75	0.3
576.0	0.3
576.25	0.3
576.5	0.3
576.75	0.3
577.0	0.3
577.25	0.3
577.5	0.3
577.75	0.3
578.0	0.3
578.25	0.3
578.5	0.3
578.75	0.3
579.0	0.3
579.25	0.3
579.5	0.3
579.75	0.3
580.0	0.3
580.25	0.3
580.5	0.3
580.75	0.3
581.0	0.3
581.25	0.3
581.5	0.3
581.75	0.3
582.0	0.3
582.25	0.3
582.5	0.3
582.75	0.3
583.0	0.3
583.25	0.3
583.5	0.3
583.75	0.3
584.0	0.3
584.25	0.3
584.5	0.3
584.75	0.3
585.0	0.3
585.25	0.3
585.5	0.3
585.75	0.3
586.0	0.3
586.25	0.3
586.5	0.3
586.75	0.3
587.0	0.3
587.25	0.3
587.5	0.3
587.75	0.3
588.0	0.3
588.25	0.3
588.5	0.3
588.75	0.3
589.0	0.3
589.25	0.3
589.5	0.3
589.75	0.3
590.0	0.3
590.25	0.3
590.5	0.3
590.75	0.3
591.0	0.3
591.25	0.3
591.5	0.3
591.75	0.3
592.0	0.3
592.25	0.3
592.5	0.3
592.75	0.3
593.0	0.3
593.25	0.3
593.5	0.3
593.75	0.3
594.0	0.3
594.25	0.3
594.5	0.3
594.75	0.3
595.0	0.3
595.25	0.3
595.5	0.3
595.75	0.3
596.0	0.3
596.25	0.3
596.5	0.3
596.75	0.3
597.0	0.3
597.25	0.3
597.5	0.3
597.75	0.3
598.0	0.3
598.25	0.3
598.5	0.3
598.75	0.3
599.0	0.3
599.25	0.3
599.5	0.3
599.75	0.3
600.0	0.3
600.25	0.3
600.5	0.3
600.75	0.3
601.0	0.3
601.25	0.3
601.5	0.3
601.75	0.3
602.0	0.3
602.25	0.3
602.5	0.3
602.75	0.3
603.0	0.3
603.25	0.3
603.5	0.3
603.75	0.3
604.0	0.3
604.25	0.3
604.5	0.3
604.75	0.3
605.0	0.3
605.25	0.3
605.5	0.3
605.75	0.3
606.0	0.3
606.25	0.3
606.5	0.3
606.75	0.3
607.0	0.3
607.25	0.3
607.5	0.3
607.75	0.3
608.0	0.3
608.25	0.3
608.5	0.3
608.75	0.3
609.0	0.3
609.25	0.3
609.5	0.3
609.75	0.3
610.0	0.3
610.25	0.3
610.5	0.3
610.75	0.3
611.0	0.3
611.25	0.3
611.5	0.3
611.75	0.3
612.0	0.3
612.25	0.3
612.5	0.3
612.75	0.3
613.0	0.3
613.25	0.3
613.5	0.3
613.75	0.3
614.0	0.3
614.25	0.3
614.5	0.3
614.75	0.3
615.0	0.3
615.25	0.3
615.5	0.3
615.75	0.3
616.0	0.3
616.25	0.3
616.5	0.3
616.75	0.3
617.0	0.3
617.25	0.3
617.5	0.3
617.75	0.3
618.0	0.3
618.25	0.3
618.5	0.3
618.75	0.3
619.0	0.3
619.25	0.3
619.5	0.3
619.75	0.3
620.0	0.3
620.25	0.3
620.5	0.3
620.75	0.3
621.0	0.3
621.25	0.3
621.5	0.3
621.75	0.3
622.0	0.3
622.25	0.3
622.5	0.3
622.75	0.3
623.0	0.3
623.25	0.3
623.5	0.3
623.75	0.3
624.0	0.3
624.25	0.3
624.5	0.3
624.75	0.3
625.0	0.3
625.25	0.3
625.5	0.3
625.75	0.3
626.0	0.3
626.25	0.3
626.5	0.3
626.75	0.3
627.0	0.3
627.25	0.3
627.5	0.3
627.75	0.3
628.0	0.3
628.25	0.3
628.5	0.3
628.75	0.3
629.0	0.3
629.25	0.3
629.5	0.3
629.75	0.3
630.0	0.3
630.25	0.3
630.5	0.3
630.75	0.3
631.0	0.3
631.25	0.3
631.5	0.3
631.75	0.3
632.0	0.3
632.25	0.3
632.5	0.3
632.75	0.3
633.0	0.3
633.25	0.3
633.5	0.3
633.75	0.3
634.0	0.3
634.25	0.3
634.5	0.3
634.75	0.3
635.0	0.3
635.25	0.3
635.5	0.3
635.75	0.3
636.0	0.3
636.25	0.3
636.5	0.3
636.75	0.3
637.0	0.3
637.25	0.3
637.5	0.3
637.75	0.3
638.0	0.3
638.25	0.3
638.5	0.3
638.75	0.3
639.0	0.3
639.25	0.3
639.5	0.3
639.75	0.3
640.0	0.3
640.25	0.3
640.5	0.3
640.75	0.3
641.0	0.3
641.25	0.3
641.5	0.3
641.75	0.3
642.0	0.3
642.25	0.3
642.5	0.3
642.75	0.3
643.0	0.3
643.25	0.3
643.5	0.3
643.75	0.3
644.0	0.3
644.25	0.3
644.5	0.3
644.75	0.3
645.0	0.3
645.25	0.3
645.5	0.3
645.75	0.3
646.0	0.3
646.25	0.3
646.5	0.3
646.75	0.3
647.0	0.3
647.25	0.3
647.5	0.3
647.75	0.3
648.0	0.3
648.25	0.3
648.5	0.3
648.75	0.3
649.0	0.3
649.25	0.3
649.5	0.3
649.75	0.3
650.0	0.3
650.25	0.3
650.5	0.3
650.75	0.3
651.0	0.3
651.25	0.3
651.5	0.3
651.75	0.3
652.0	0.3
652.25	0.3
652.5	0.3
652.75	0.3
653.0	0.3
653.25	0.3
653.5	0.3
653.75	0.3
654.0	0.3
654.25	0.3
654.5	0.3
654.75	0.3
655.0	0.3
655.25	0.3
655.5	0.3
655.75	0.3
656.0	0.3
656.25	0.3
656.5	0.3
656.75	0.3
657.0	0.3
657.25	0.3
657.5	0.3
657.75	0.3
658.0	0.3
658.25	0.3
658.5	0.3
658.75	0.3
659.0	0.3
659.25	0.3
659.5	0.3
659.75	0.3
660.0	0.3
660.25	0.3
660.5	0.3
660.75	0.3
661.0	0.3
661.25	0.3
661.5	0.3
661.75	0.3
662.0	0.3
662.25	0.3
662.5	0.3
662.75	0.3
663.0	0.3
663.25	0.3
663.5	0.3
663.75	0.3
664.0	0.3
664.25	0.3
664.5	0.3
664.75	0.3
665.0	0.3
665.25	0.3
665.5	0.3
665.75	0.3
666.0	0.3
666.25	0.3
666.5	0.3
666.75	0.3
667.0	0.3
667.25	0.3
667.5	0.3
667.75	0.3
668.0	0.3
668.25	0.3
668.5	0.3
668.75	0.3
669.0	0.3
669.25	0.3
669.5	0.3
669.75	0.3
670.0	0.3
670.25	0.3
670.5	0.3
670.75	0.3
671.0	0.3
671.25	0.3
671.5	0.3
671.75	0.3
672.0	0.3
672.25	0.3
672.5	0.3
672.75	0.3
673.0	0.3
673.25	0.3
673.5	0.3
673.75	0.3
674.0	0.3
674.25	0.3
674.5	0.3
674.75	0.3
675.0	0.3
675.25	0.3
675.5	0.3
675.75	0.3
676.0	0.3
676.25	0.3
676.5	0.3
676.75	0.3
677.0	0.3
677.25	0.3
677.5	0.3
677.75	0.3
678.0	0.3
678.25	0.3
678.5	0.3
678.75	0.3
679.0	0.3
679.25	0.3
679.5	0.3
679.75	0.3
680.0	0.3
680.25	0.4
680.5	0.4
680.75	0.4
681.0	0.4
681.25	0.4
681.5	0.4
681.75	0.4
682.0	0.4
682.25	0.4
682.5	0.4
682.75	0.4
683.0	0.4
683.25	0.4
683.5	0.4
683.75	0.4
684.0	0.4
684.25	0.4
684.5	0.4
684.75	0.4
685.0	0.4
685.25	0.4
685.5	0.4
685.75	0.4
686.0	0.4
686.25	0.4
686.5	0.4
686.75	0.4
687.0	0.4
687.25	0.4
687.5	0.4
687.75	0.4
688.0	0.4
688.25	0.4
688.5	0.4
688.75	0.4
689.0	0.4
689.25	0.4
689.5	0.4
689.75	0.4
690.0	0.4
690.25	0.4
690.5	0.4
690.75	0.4
691.0	0.4
691.25	0.4
691.5	0.4
691.75	0.4
692.0	0.4
692.25	0.4
692.5	0.4
692.75	0.4
693.0	0.4
693.25	0.4
693.5	0.4
693.75	0.4
694.0	0.4
694.25	0.4
694.5	0.4
694.75	0.4
695.0	0.4
695.25	0.4
695.5	0.4
695.75	0.4
696.0	0.4
696.25	0.4
696.5	0.4
696.75	0.4
697.0	0.4
697.25	0.4
697.5	0.4
697.75	0.4
698.0	0.4
698.25	0.4
698.5	0.4
698.75	0.4
699.0	0.4
699.25	0.4
699.5	0.4
699.75	0.4
700.0	0.4
700.25	0.4
700.5	0.4
700.75	0.4
701.0	0.4
701.25	0.4
701.5	0.4
701.75	0.4
702.0	0.4
702.25	0.4
702.5	0.4
702.75	0.4
703.0	0.4
703.25	0.4
703.5	0.4
703.75	0.4
704.0	0.4
704.25	0.4
704.5	0.4
704.75	0.4
705.0	0.4
705.25	0.4
705.5	0.4
705.75	0.4
706.0	0.4
706.25	0.4
706.5	0.4
706.75	0.5
