2.0	0.0
4.0	0.006666666666666667
6.0	0.013333333333333334
8.0	0.02
10.0	0.02
12.0	0.02666666666666667
14.0	0.02666666666666667
16.0	0.03333333333333333
18.0	0.03333333333333333
20.0	0.03333333333333333
22.0	0.04
24.0	0.04666666666666667
26.0	0.05333333333333334
28.0	0.06
30.0	0.06
32.0	0.06666666666666667
34.0	0.06666666666666667
36.0	0.07333333333333333
38.0	0.08666666666666667
40.0	0.1
42.0	0.1
44.0	0.1
46.0	0.1
48.0	0.1
50.0	0.10666666666666667
52.0	0.11333333333333333
54.0	0.12
56.0	0.12666666666666668
58.0	0.12666666666666668
60.0	0.12666666666666668
62.0	0.12666666666666668
64.0	0.12666666666666668
66.0	0.12666666666666668
68.0	0.12666666666666668
70.0	0.12666666666666668
72.0	0.13333333333333333
74.0	0.13333333333333333
76.0	0.14
78.0	0.14
80.0	0.14666666666666667
82.0	0.14666666666666667
84.0	0.14666666666666667
86.0	0.15333333333333332
88.0	0.15333333333333332
90.0	0.15333333333333332
92.0	0.16
94.0	0.16
96.0	0.16
98.0	0.16
100.0	0.16
102.0	0.16666666666666666
104.0	0.16666666666666666
106.0	0.16
108.0	0.16
110.0	0.15333333333333332
112.0	0.15333333333333332
114.0	0.15333333333333332
116.0	0.15333333333333332
118.0	0.15333333333333332
120.0	0.16
122.0	0.16
124.0	0.16666666666666666
126.0	0.17333333333333334
128.0	0.17333333333333334
130.0	0.17333333333333334
132.0	0.17333333333333334
134.0	0.17333333333333334
136.0	0.17333333333333334
138.0	0.18
140.0	0.18
142.0	0.17333333333333334
144.0	0.17333333333333334
146.0	0.18
148.0	0.18666666666666668
150.0	0.18666666666666668
152.0	0.19333333333333333
154.0	0.2
156.0	0.2
158.0	0.20666666666666667
160.0	0.21333333333333335
162.0	0.21333333333333335
164.0	0.21333333333333335
166.0	0.21333333333333335
168.0	0.21333333333333335
170.0	0.21333333333333335
172.0	0.22
174.0	0.22666666666666666
176.0	0.22666666666666666
178.0	0.22666666666666666
180.0	0.22666666666666666
182.0	0.23333333333333334
184.0	0.23333333333333334
186.0	0.23333333333333334
188.0	0.23333333333333334
190.0	0.24
192.0	0.24
194.0	0.25333333333333335
196.0	0.25333333333333335
198.0	0.25333333333333335
200.0	0.25333333333333335
202.0	0.25333333333333335
204.0	0.26
206.0	0.26
208.0	0.26
210.0	0.26666666666666666
212.0	0.26666666666666666
214.0	0.26666666666666666
216.0	0.26666666666666666
218.0	0.26666666666666666
220.0	0.26666666666666666
222.0	0.2733333333333333
224.0	0.28
226.0	0.2733333333333333
228.0	0.28
230.0	0.28
232.0	0.28
234.0	0.28
236.0	0.28
238.0	0.28
240.0	0.28
242.0	0.28
244.0	0.2866666666666667
246.0	0.2866666666666667
248.0	0.29333333333333333
250.0	0.3
252.0	0.3
254.0	0.3
256.0	0.3
258.0	0.3
260.0	0.3
262.0	0.3
264.0	0.30666666666666664
266.0	0.30666666666666664
268.0	0.30666666666666664
270.0	0.31333333333333335
272.0	0.31333333333333335
274.0	0.31333333333333335
276.0	0.31333333333333335
278.0	0.31333333333333335
280.0	0.32
282.0	0.32
284.0	0.32
286.0	0.32666666666666666
288.0	0.32666666666666666
290.0	0.3333333333333333
292.0	0.3333333333333333
294.0	0.34
296.0	0.34
298.0	0.34
300.0	0.34
302.0	0.34
304.0	0.34
306.0	0.3466666666666667
308.0	0.34
310.0	0.34
312.0	0.34
314.0	0.3466666666666667
316.0	0.3466666666666667
318.0	0.3466666666666667
320.0	0.3466666666666667
322.0	0.3466666666666667
324.0	0.3466666666666667
326.0	0.35333333333333333
328.0	0.35333333333333333
330.0	0.35333333333333333
332.0	0.35333333333333333
334.0	0.36
336.0	0.35333333333333333
338.0	0.35333333333333333
340.0	0.35333333333333333
342.0	0.36
344.0	0.35333333333333333
346.0	0.35333333333333333
348.0	0.35333333333333333
350.0	0.35333333333333333
352.0	0.35333333333333333
354.0	0.36
356.0	0.36666666666666664
358.0	0.36
360.0	0.35333333333333333
362.0	0.36
364.0	0.36666666666666664
366.0	0.36666666666666664
368.0	0.36666666666666664
370.0	0.36666666666666664
372.0	0.38
374.0	0.38
376.0	0.38
378.0	0.38
380.0	0.37333333333333335
382.0	0.38
384.0	0.38
386.0	0.38
388.0	0.38
390.0	0.38
392.0	0.38666666666666666
394.0	0.38666666666666666
396.0	0.38666666666666666
398.0	0.38666666666666666
400.0	0.3933333333333333
402.0	0.3933333333333333
404.0	0.3933333333333333
406.0	0.3933333333333333
408.0	0.38666666666666666
410.0	0.38666666666666666
412.0	0.38
414.0	0.38
416.0	0.38
418.0	0.38
420.0	0.37333333333333335
422.0	0.37333333333333335
424.0	0.37333333333333335
426.0	0.37333333333333335
428.0	0.36666666666666664
430.0	0.36
432.0	0.36
434.0	0.36
436.0	0.36
438.0	0.36666666666666664
440.0	0.36666666666666664
442.0	0.35333333333333333
444.0	0.36
446.0	0.36
448.0	0.36
450.0	0.36
452.0	0.36
454.0	0.36
456.0	0.37333333333333335
458.0	0.37333333333333335
460.0	0.37333333333333335
462.0	0.38
464.0	0.38666666666666666
466.0	0.3933333333333333
468.0	0.3933333333333333
470.0	0.3933333333333333
472.0	0.38666666666666666
474.0	0.3933333333333333
476.0	0.4
478.0	0.4
480.0	0.41333333333333333
482.0	0.41333333333333333
484.0	0.42
486.0	0.4266666666666667
488.0	0.4266666666666667
490.0	0.4266666666666667
492.0	0.4266666666666667
494.0	0.4266666666666667
496.0	0.42
498.0	0.42
500.0	0.42
502.0	0.41333333333333333
504.0	0.4066666666666667
506.0	0.4066666666666667
508.0	0.4066666666666667
510.0	0.4066666666666667
512.0	0.4066666666666667
514.0	0.41333333333333333
516.0	0.42
518.0	0.42
520.0	0.42
522.0	0.42
524.0	0.42
526.0	0.42
528.0	0.42
530.0	0.42
532.0	0.43333333333333335
534.0	0.43333333333333335
536.0	0.44
538.0	0.44666666666666666
540.0	0.44666666666666666
542.0	0.4533333333333333
