1,5,81,320,403
5,1,320,403
7,119,380
14
21,67,119
22,458
30
33
41,441,500
45,183,357
51,108
67,21,212,289,459
80,150,228,382,447,453,475
81,1,159
87,163
97
103,265,409
107,132,266,268,283
108,51,316,420,487
119,7,21
121,458
123
130,138
131,182
132,107
138,130,266,359
140,284
145,352,370
150,80,312,313,475
152,439
159,81
163,87
181,183,312,438
183,45,181
204,303,322
212,67,289,459
221,368
225,17,372
228,80,364,382,447,453
243
265,103
266,107,138,268,283
268,107,266,283
273
279
283,107,266,268
284,140,409
289,67,212,382,447,453,459
303,204,322
312,150,181,438
313,150
316,108,420,487
320,1,5,403
322,204,303
341,364,462
357,45
359,138
360,482
364,228,341
368,221
370,145,352
382,80,228,289,447,453
403,1,5,320
409,103,284
420,108,316,487
438,181,312
439,152
441,41,458,500
444
447,80,228,289,382,453,459
453,80,228,289,382,447,459
458,22,121,441
459,67,212,289,447,453
462,341
475,80,150
487,108,316,420
500,41,441
