1,5,25,81,159,320,403
5,1,81,320,403
7,21,67,119,180,212,380,459
14,94,121,221,362,368
21,7,41,67,119,212,289,419,447,459,500
22,41,121,368,441,458,475,500
30,145,352,370,446
33,279,284
41,21,22,67,289,311,419,441,458,500
45,123,181,183,357
51,108,191,316,420,428,487
67,7,21,41,80,119,212,228,289,382,447,453,459,500
80,67,150,228,289,312,313,364,382,447,453,459,475,500
81,1,5,25,159,320,403
87,108,163,191,256,420,487
97,123,204,303,322,439
103,265,284,409
107,130,132,138,266,268,283,359
108,51,87,191,316,420,487
119,7,21,67,180,212,380,419
121,14,22,70,94,311,368,441,458
123,45,97,273,357
130,78,107,132,138,148,266,268,283,359,436,473
131,182,263,326,360,427,433,482
132,107,130,138,243,266,268,283
138,107,130,132,148,266,268,283,359,361,473
140,284,313,341,364,409,444,462
145,30,213,352,370,446
150,80,228,312,313,364,382,438,447,453,475
152,243,439
159,1,25,81,320,403
163,87,256,482,487
181,45,183,312,313,438
183,45,181,312,357,438,444
204,97,303,322
212,7,21,67,119,228,289,382,447,453,459
221,14,368
225,17,196,296,303,372,397,431
228,67,80,150,212,289,313,341,364,382,447,453,459,462,475
243,132,152,439
265,103,316,409,420,487
266,107,130,132,138,268,283,316,359
268,107,130,132,138,266,283,359
273,123,439,444
279,33,462
283,107,130,132,138,266,268,316,359
284,33,103,140,341,409
289,21,41,67,80,212,228,364,382,447,453,459,475,500
303,66,97,204,225,322
312,80,150,181,183,313,438,475
313,80,140,150,181,228,312,364,382,444,447,453,475
316,51,108,265,266,283,420,487
320,1,5,25,81,159,180,403
322,97,204,303
341,140,228,284,364,453,459,462
357,45,123,183
359,107,130,138,148,266,268,283,361,473
360,131,182,326,427,482
364,80,140,150,228,289,313,341,382,447,453,459,462
368,14,22,121,221
370,30,145,213,352,446
382,67,80,150,212,228,289,313,364,447,453,459,475,500
403,1,5,81,159,320
409,103,140,265,284
420,51,87,108,265,316,487
438,150,181,183,312
439,97,152,243,273
441,22,41,121,311,458,500
444,140,183,273,313
447,21,67,80,150,212,228,289,313,364,382,453,459,462,475,500
453,67,80,150,212,228,289,313,341,364,382,447,459,462,475,500
458,22,41,121,311,441,475,500
459,7,21,67,80,212,228,289,341,364,382,447,453,462
462,140,228,279,341,364,447,453,459
475,22,80,150,228,289,312,313,382,447,453,458,500
487,51,87,108,163,265,316,420
500,21,22,41,67,80,289,382,441,447,453,458,475
